,360ONE,3MINDIA,AARTIIND,AAVAS,ABB,ABBOTINDIA,ABCAPITAL,ABFRL,ABREL,ABSLAMC,ACC,ACE,ADANIENSOL,ADANIENT,ADANIGREEN,ADANIPORTS,ADANIPOWER,AFFLE,AIAENG,AJANTPHARM,AKZOINDIA,ALKEM,ALKYLAMINE,ALOKINDS,AMBER,AMBUJACEM,ANANDRATHI,ANANTRAJ,ANGELONE,APARINDS,APLAPOLLO,APLLTD,APOLLOHOSP,APOLLOTYRE,APTUS,ASAHIINDIA,ASHOKLEY,ASIANPAINT,ASTERDM,ASTRAL,ASTRAZEN,ATGL,ATUL,AUBANK,AUROPHARMA,AWL,AXISBANK,BAJAJ-AUTO,BAJAJFINSV,BAJAJHLDNG,BAJFINANCE,BALKRISIND,BALRAMCHIN,BANDHANBNK,BANKBARODA,BANKINDIA,BASF,BATAINDIA,BAYERCROP,BDL,BEL,BEML,BERGEPAINT,BHARATFORG,BHEL,BLS,BSE,DMART,MAHABANK,ENGINERSIN,ERIS,ESCORTS,ETERNAL,EXIDEIND,FACT,FEDERALBNK,FINCABLES,FINPIPE,FIVESTAR,FLUOROCHEM,FORCEMOT,FORTIS,FSL,GAIL,GESHIP,GICRE,GILLETTE,GLAND,GLAXO,GLENMARK,GMDCLTD,GMRAIRPORT,GODFRYPHLP,GODREJAGRO,GODREJCP,GODREJIND,GODREJPROP,GPIL,GRANULES,GRAPHITE,GRASIM,GRAVITA,GRSE,GSPL,GUJGASLTD,GVT&D,MEDANTA,NYKAA
360ONE,1.0,0.08846361357250913,0.19865478254165,0.10584006675755227,0.20539523398193504,0.1135119160972061,0.24161291595093837,0.11872775402697804,0.19559825192781363,0.2787528025047889,0.21096129313278014,0.1577684030381618,0.13191302640632813,0.12074634342569368,0.1505072086491027,0.16270083159706486,0.15854749571095103,0.239792150344079,0.1529401061179823,0.10014411477524802,0.11952130920432771,0.11759697865210958,0.192561225503331,0.18447454163550178,0.14558285899882342,0.19619869949625687,0.1455452158944129,0.2720943224363304,0.25583130880959426,0.22586921323947393,0.2301156439278708,0.12318674811011847,0.1510045845867985,0.19441924484349588,0.11685371439560176,0.19268367287169857,0.21598584238014729,0.07935339423303851,0.09765126255729868,0.18767528078098064,0.10480487461872393,0.16576952765479255,0.18509661896783908,0.14350805071423373,0.16389793410118517,0.15980336738087839,0.14577104214878892,0.15102195250236744,0.15830503518851397,0.14504964268008005,0.14798300035946274,0.14238709145531026,0.20730349540786047,0.18953699885610564,0.23255045144708397,0.22635055232650825,0.12724276367916787,0.15781506434242773,0.17973352206024762,0.18731951454652448,0.24326788918343323,0.21947576115754783,0.12391555880457834,0.24929912614478736,0.23736890085216544,0.22670635890025387,0.18122058524566634,0.08641136749575261,0.19917260095602757,0.1826203352564546,0.1401375674619956,0.1635251908751216,0.1479195107210523,0.20564268207569142,0.1765489249592545,0.21155886759572182,0.1702525077771902,0.18840750449996854,0.09011292147184954,0.12248038373542565,0.16040840619984176,0.1621869041232369,0.19196028243875599,0.24997467298631623,0.17920877014276176,0.16194959851578408,0.1365663150746839,0.07963246217768404,0.1031804186443161,0.17795894121530867,0.17964125287753618,0.261624938066752,0.07629990696435106,0.17431544137520782,0.05542785133570095,0.15491874866502903,0.22292601504244974,0.07595328025940412,0.20065669256815294,0.20504448381486162,0.15196105330764192,0.21921585044365555,0.23067294325123575,0.17247447900450158,0.21385879102173452,0.13450337210909716,0.12674977433385867,0.13072515336407223
3MINDIA,0.08846361357250913,1.0,0.20669164780067417,0.07311688561483413,0.16401040204094527,0.0528582261237952,0.20495978442404295,0.08769813768346629,0.18032235643072256,0.1440725578873397,0.18070139709924274,0.22148506122723938,0.15025228841032492,0.13498537844495215,0.12431796970706281,0.17284877919689506,0.15687574278286728,0.12520202843308625,0.13077879861636682,0.13023653344223513,0.1779890489718922,0.06715762624109893,0.11858050042103002,0.08192483629935865,0.09609620726319815,0.21404888405356234,0.10438632247245469,0.16324872627591402,0.13396569046121556,0.08564751949884346,0.1457746835086401,0.1277873261542329,0.10962561022542339,0.18383756865653975,0.09252405983312069,0.1943773607589081,0.20776744225035068,0.1167434211506308,0.08519901806075802,0.1238491659140758,0.11246433841702773,0.10011652250031877,0.2035240438518007,0.07958713761498186,0.11000622545804208,0.17263530558681983,0.13793269403751138,0.08369999469496013,0.1344177316782212,0.07173938125915014,0.10259085580616956,0.18986534885076672,0.1369574998582825,0.1419551304620056,0.20010978274630775,0.16071024084103105,0.10666429606482848,0.15499069004144847,0.15806192947363687,0.18740125365955404,0.1964851607944149,0.1921459329091393,0.1250626106341858,0.18905457470756287,0.19729679222964983,0.18089623002291147,0.06502360141732837,0.06903035710387832,0.1670271461124403,0.1978721040744072,0.1415865323709464,0.2245384720277899,0.08951477810328126,0.22369571723185186,0.14435809651092993,0.1490577509597574,0.1452438395108935,0.16408633346754423,0.10895518598570776,0.10792204959964895,0.14577101496503006,0.1593521424261736,0.14177066435416963,0.1724665094124793,0.20646298151797587,0.16132633780105263,0.07802513143396564,0.041252059113666535,0.16224098736932085,0.10324498579486294,0.1260707682061293,0.1709752789388766,0.09203019891509816,0.16130415143615065,0.10029711413387273,0.11368043520351219,0.18583198554694053,0.09944202583140564,0.17716934020783304,0.11951074846737107,0.2017138685507005,0.16298964202466773,0.12957834061888143,0.12548429318374366,0.1498026860073546,0.10027863630843868,0.08282044214244477,0.16512681720593025
AARTIIND,0.19865478254165,0.20669164780067417,1.0,0.149039759056144,0.2884380987898512,0.22331527492281492,0.3884468481305971,0.17426533150556706,0.2745929110055243,0.32689424016740354,0.37006535878188784,0.28470658930757975,0.27377421924718187,0.27247059760888764,0.23822830751549942,0.34251518268481124,0.22136511157687694,0.3382767101214381,0.22599648337595132,0.20770569276294212,0.2604428184699317,0.249477167252133,0.37196483157585286,0.33301561329256824,0.23140803197433854,0.3340165888370372,0.11391396299782913,0.3692246744806265,0.30484810731352197,0.20013915072520588,0.2971330076720794,0.25269701477883677,0.2746931656347255,0.37415625304620037,0.21653877532306146,0.2595873521723938,0.32527690286172006,0.31327154803476165,0.1796801936750051,0.3574325628875648,0.11914381742751222,0.23642765460598428,0.48563637095372897,0.21932506589676787,0.290714791833825,0.2581775004579816,0.26170737610887695,0.23948141078850635,0.2516286749072634,0.17984519567796622,0.23869751878400847,0.2918341708073717,0.3327606320827606,0.3536660438707035,0.3703261130952696,0.3431322389984973,0.33146014346507474,0.2870341537488338,0.20880418516044014,0.26174068369586173,0.346339915610972,0.30586707896143683,0.30855918157602785,0.36882147965423184,0.38363223764831034,0.29153101935513087,0.27647687543204114,0.1885586256003665,0.3622436279449915,0.298693699955556,0.23019737169158946,0.3117724062614456,0.27142258675443126,0.4376452430116334,0.3587094081556375,0.3148349286291731,0.23358781013064203,0.29512490368282557,0.18809343522242095,0.31640366334602876,0.23285519264975385,0.1815953023701536,0.3058561989206443,0.3851478573615177,0.2459962908375087,0.281877909550256,0.15079757078327571,0.14815866656788254,0.27484406665182115,0.2952896491054333,0.3036792062106812,0.3467224003399877,0.17583652696075816,0.3600929720510045,0.16477000211625936,0.1834520920543618,0.3670933610510591,0.12019222308354163,0.42142275784646616,0.3604481891377544,0.3941657651067558,0.2910381804739184,0.25307788890335425,0.2525328875839238,0.37978050175803346,0.21065153845918777,0.23295491324327655,0.26627507178198795
AAVAS,0.10584006675755227,0.07311688561483413,0.149039759056144,1.0,0.13564854949644828,0.09111473157909825,0.23629172596636125,0.06418571089679131,0.17226529973300145,0.2293152777068615,0.2042766270304113,0.12004387606337363,0.17906046219046137,0.10011530799307582,0.12790731567246844,0.154217728796325,0.11633147335938476,0.18177565429980333,0.1421198221715158,0.04650537226710518,0.1389445055286404,0.08839811859619932,0.179466871829482,0.1976637315882763,0.12394932194445822,0.1717603983406583,0.06351412462541532,0.18268273805268584,0.16983190235126047,0.0735587381020573,0.10607055957939554,0.09716780478851027,0.03554897725758379,0.09828104850470647,0.20533666073609214,0.19492608251548246,0.18955930716334218,0.023160843741907997,0.08438450231571042,0.07743951643842864,0.033658978061683206,0.1314110181108187,0.12311863594606265,0.10971580150926145,0.04829273165984621,0.1298395974741023,0.18758959296399125,0.09128854277954208,0.20057757880118057,0.1011841817912717,0.18788180948155098,0.07772142582962789,0.15677147941611547,0.21193334927462176,0.1771358665180653,0.171764957533997,0.16591739116421905,0.07506262728937127,0.13636875155903666,0.09023150329716423,0.20604438820680546,0.13046464810175623,0.0712166853740786,0.14515709873116733,0.19483633547629528,0.15039745072154048,0.07915954395129976,0.0999109326993656,0.22306649178363022,0.2543362069811449,0.08187481653203937,0.14402453258522727,0.07106242085148015,0.1929906402287295,0.14782225027287257,0.15375776131024993,0.09990108125899529,0.13549210463668035,0.20745578140715942,0.1493236461729814,0.1668093507136283,0.15290082187665852,0.0884749065864447,0.2220157116769388,0.12763926367810138,0.05779159029806174,0.15138503332512093,0.07838140175041237,0.09300161921776161,0.13311857987493456,0.15843233434657464,0.17592313937297127,0.06453334186130415,0.13335640439479088,0.048671044235229256,0.12904920649454218,0.21788680689481435,0.02262249312394547,0.1315534047643544,0.16083812455250626,0.1376639325495896,0.1489700734795797,0.12698123684238366,0.10670431653431993,0.1447668991135112,0.06921723700650985,0.11178936364250198,0.17174177602224897
ABB,0.20539523398193504,0.16401040204094527,0.2884380987898512,0.13564854949644828,1.0,0.18305827339957156,0.30922444839418284,0.117211392701848,0.27074484028254353,0.30643464011863103,0.3866885550809011,0.3033729194647763,0.2795323695560343,0.3056043899306887,0.22913866901747182,0.42313096369811004,0.24279489320488404,0.27159708576977554,0.14218231556947478,0.07733592965482214,0.17178326996348972,0.2230962966465332,0.20313670786734772,0.20291361668953511,0.19154511359213025,0.3959621970778613,0.11542603287816264,0.3367520456210738,0.24371441511806552,0.22774785964898261,0.29138759172219086,0.16030211531654054,0.21308799028451367,0.26070934595270945,0.13163307118972017,0.168502680389606,0.3607933018743494,0.20389848487718817,0.08535991227266232,0.3168868792967373,0.15166254215643032,0.19186802650940415,0.2709095816654375,0.08569667398671331,0.2694770297974963,0.2357254680805654,0.2833582760841522,0.1966794498890185,0.20464969121336093,0.13719121524362568,0.1750787843863407,0.2667672717643122,0.29577925552853407,0.27750220691890265,0.37508671732145954,0.26968195279440804,0.2704870145452257,0.1933530039589315,0.17065838558831195,0.3183155198285099,0.48862830856482675,0.3812638675054479,0.19735681201714386,0.39383418025690853,0.47741769646538795,0.2490830209190146,0.1883232394274785,0.07343970701555617,0.30441474779223615,0.34229526119306075,0.14470409691133626,0.31266354859672346,0.18310156944007316,0.35611444912580237,0.21933834720294207,0.29799450602660776,0.2506782480608364,0.21587342554601166,0.21833013018163172,0.22521950204016855,0.20907181117097595,0.1908543639079438,0.17245419507216483,0.38244049763238985,0.265867997463484,0.30178049985775063,0.12148165148318338,0.10760068991655002,0.16458242546448612,0.24007518372335576,0.286394869243059,0.342145552081599,0.1403388200136566,0.24596979236071062,0.14988369409308192,0.1387808132987339,0.4190373685247813,0.09202031761159482,0.2668050992634766,0.2995650695007178,0.2790598943300164,0.25419528403908026,0.2745815776571589,0.16407240362831832,0.30870904581858244,0.21457437773867483,0.2107483746775395,0.1916517649070091
ABBOTINDIA,0.1135119160972061,0.0528582261237952,0.22331527492281492,0.09111473157909825,0.18305827339957156,1.0,0.17924207772730896,0.09482594171942324,0.12234577694560558,0.12228306946420649,0.09632149451112999,0.12483720164833713,0.0678931419876463,0.1485889378138065,0.06387103523871328,0.18152764826712925,0.020606524488182787,0.17979681194277847,0.05950393718096101,0.14574376739968983,0.15990576042193297,0.2190042846413987,0.10279187427428363,0.1452024222004714,0.041723110421013884,0.12544314881804017,0.09878869225631783,0.1866896937550223,0.10576488044537252,0.1397759699406991,0.1078361711656136,0.1670002655223282,0.2528743410881484,0.1934959102783726,0.07854902917030915,0.11217411114629774,0.12967702051199792,0.1349394613560791,0.04345565863642323,0.16737852076923188,0.13256588705536662,0.0783391151203395,0.21291602743510446,0.048730100161299895,0.2523389298644628,0.10974641072535618,0.12220650717763883,0.14778837746443999,0.09769458958811422,0.10417701697227826,0.12649920293297687,0.20821859103170864,0.13544997120564847,0.14888855183613214,0.14810465573510645,0.12444419381392287,0.12339547949754856,0.09624352715644512,0.13835679882027604,0.08824270592580938,0.14639654432221125,0.06996156645098404,0.18116302150622351,0.14600368402688166,0.1167618766873357,0.155709408741136,0.014467296211741918,0.028157729100224054,0.12079771193883071,0.14698114386756972,0.16787590060073643,0.16300461005597078,0.1259428138239155,0.17206411547096478,0.10144965975446232,0.15438011436019547,0.09160957787483759,0.09981465129091956,0.053818495259333146,0.0749965877635729,0.11967644468695093,0.15563044153122002,0.10059546388166467,0.15320986906451492,0.09250653776275543,0.16874205203604484,0.15063046697424815,0.13417294768079513,0.2520578384658397,0.2622764067186538,0.1029764102150472,0.17680802723152986,0.08576293464248032,0.10205254026943404,0.08304029262374793,0.0515234949034969,0.15370651616975164,0.06668369618577692,0.2621898089413431,0.07054710342702443,0.2059602727279761,0.12437119928239761,0.07571544606998065,0.09004620647163496,0.17434360194336807,0.075484750565694,0.11716761786656317,0.11651576113759393
ABCAPITAL,0.24161291595093837,0.20495978442404295,0.3884468481305971,0.23629172596636125,0.30922444839418284,0.17924207772730896,1.0,0.22788191729739352,0.36115625625734676,0.34174479879765685,0.4627452271674368,0.3474486540375661,0.26108547444313457,0.33759683608565577,0.2523710518344379,0.432291426759157,0.29578424392137576,0.33470069187003704,0.1645540363715314,0.15078851418507125,0.18523455496928584,0.19537867629898975,0.2553114654115171,0.30382849246658217,0.24341759512432035,0.4350648644086331,0.10451354044774591,0.36464497436338633,0.3912282833271851,0.18699783761529273,0.29926525199673054,0.21658047673998518,0.2023699593475818,0.3064610245210386,0.2723118057661281,0.2654518783544769,0.42452523685809557,0.20892778058996095,0.1453715243012811,0.3524163528937591,0.09665281926014938,0.2140619447543669,0.3175545808040359,0.28377525651435836,0.24483648545595962,0.28082107414220897,0.3626726965198308,0.2750150791847063,0.40526451687216297,0.1642636930312668,0.3783454897165642,0.26355247849904556,0.4088813121309514,0.44676711268378955,0.5000600287025888,0.4693504469551875,0.21560732819241898,0.24542070701051497,0.14453944376232658,0.2998081061395163,0.4427447636763022,0.36062341039358226,0.2091185232997797,0.4357887706600695,0.4911401207654375,0.2929443539330674,0.2760726574208683,0.08604125348251856,0.4748785438167163,0.42119878081331197,0.21208047475362535,0.362671477833024,0.29087642413562576,0.43188833738890975,0.3014485484591552,0.37757326860939905,0.26953914440548216,0.2736755273419819,0.2666502748577806,0.23007227171742334,0.27904789456710793,0.23850497861279774,0.25611129048686737,0.4507509851947629,0.27793312407508597,0.34886139189227194,0.1366459867938478,0.15917299248703382,0.2170801727467608,0.31123541173912056,0.40876283573312366,0.4758046725155251,0.17294500043572517,0.21939725180961347,0.10457883384044381,0.24075291922744974,0.4565052629981422,0.13066837369484732,0.3147564574032683,0.3561950393641065,0.4170281738927528,0.29433203890998183,0.32079851688951205,0.18249557661719673,0.35465968842205214,0.2001291362691321,0.20115887090978635,0.21256531823162306
ABFRL,0.11872775402697804,0.08769813768346629,0.17426533150556706,0.06418571089679131,0.117211392701848,0.09482594171942324,0.22788191729739352,1.0,0.13264176894139415,0.15099749689482703,0.19252784429347286,0.1500916048540899,0.11381864157724406,0.14488359548182503,0.1487421605498186,0.18242972821009837,0.13145976980571494,0.1551930518521505,0.09499281172163032,0.11343743112062034,0.10978598654103847,0.12899843167424702,0.12086343146469988,0.12803700283186772,0.11892681395034997,0.17814548968738075,0.039141743545586145,0.14183356749824155,0.11146407377371863,0.07361188434471938,0.11503855005190435,0.08122813947709079,0.10611514527739577,0.11876870593544248,0.0685423426470102,0.16198225643604416,0.19039092344460085,0.11338177522716172,0.015378325380005498,0.05314603284391705,0.06898835361989804,0.1358760857254056,0.05576733680320561,0.09115006583790629,0.125393213756937,0.14045679854632348,0.134019115285288,0.13589309408783581,0.18309552390116288,0.05645329556227447,0.1344606516863478,0.15106509490681647,0.17124158241258652,0.1978778874301581,0.17888770500588044,0.19010745629081613,0.11223346048763698,0.12249220419737639,0.10568880427254514,0.10125159403456686,0.1793441208870251,0.1327671125242164,0.021941740794163847,0.1587568992198315,0.195582133379841,0.14639821720619114,0.16691387534502758,0.08509440847086949,0.21348492157715734,0.16889660633876497,0.06738170050205193,0.17150315268856342,0.10929084662356416,0.20542608876360852,0.13117892926703847,0.139027311031676,0.12432135784121588,0.0869699364877428,0.046577066114374614,0.09766365031571839,0.1030016566553771,-0.05023237462916119,0.11090736603863212,0.16542260767632236,0.14601623014761247,0.17145246438830225,0.08936749112772929,0.08720201715730458,0.0711477008500965,0.12641681172694513,0.18522051164309197,0.16114800094793819,0.11631801941707147,0.1580454042610612,0.08822382025262522,0.08404458981882366,0.1965613719042025,0.02916872965874672,0.16967098780731113,0.17757500614255403,0.18948611560558454,0.1354299616998846,0.058228150114167196,0.08240475316518092,0.1589645971084724,0.08315635923171591,0.07624603301224354,0.08475230282824173
ABREL,0.19559825192781363,0.18032235643072256,0.2745929110055243,0.17226529973300145,0.27074484028254353,0.12234577694560558,0.36115625625734676,0.13264176894139415,1.0,0.31805914397832863,0.3443388160014853,0.2681251343851092,0.2748495199591743,0.2465673485281099,0.23989092548514518,0.2881634415514911,0.225223215086067,0.3021098982566859,0.19687249742452181,0.13272441994323983,0.16085908335282578,0.14917591720944856,0.2445876353009118,0.2640273715365835,0.23322096296251255,0.29397740183990306,0.1676309824666117,0.3145130877798484,0.27455434100775217,0.17851566254785173,0.2717076414283061,0.19781352709862404,0.15312401821946592,0.2775884462026258,0.259410709065679,0.2594142908478092,0.3386763632543315,0.11743568700933738,0.12560715968291078,0.2849027578540456,0.15121660566631887,0.21284953463573847,0.21543636348671258,0.144177668803787,0.18425142188385701,0.23493507739703923,0.24284494012229774,0.20892844515190043,0.21167674530477323,0.10059802167763288,0.20405234005693812,0.24935040352520896,0.3087248834042016,0.30672996801062163,0.3308831860510511,0.3677303332060401,0.23530687310665102,0.23655818662536354,0.22421122692824555,0.3409790591246218,0.39345027263268423,0.3572705146351053,0.11749262565255594,0.38311831423690773,0.4147578015718155,0.2741243454887553,0.2334397572392565,0.05983232838232543,0.35965792525933865,0.35785260744981073,0.23387902924661305,0.28945915747750023,0.19893856008528066,0.3879247447504859,0.24361729211509392,0.2369256349726372,0.24709521643643761,0.26181275588582115,0.1768738872224965,0.1596457978777849,0.2370067557121882,0.2004722088315909,0.2808880164849968,0.4039557255970348,0.2580191295855182,0.27573723314971443,0.08046068142499606,0.1270760178589721,0.17136561577219078,0.21030126134529306,0.3793635578677411,0.35892995585807075,0.1781175964635736,0.21762813034709397,0.07510788881247761,0.2284047173160204,0.386845581353346,0.05631010217526214,0.2163877029363444,0.2777670594966689,0.3325350918355619,0.22531553321029954,0.3208396325443114,0.14758825020402977,0.27696998054939415,0.1621050982342365,0.21528125661277525,0.22076486614923102
ABSLAMC,0.2787528025047889,0.1440725578873397,0.32689424016740354,0.2293152777068615,0.30643464011863103,0.12228306946420649,0.34174479879765685,0.15099749689482703,0.31805914397832863,1.0,0.35605772727319374,0.2860366813581693,0.2731177028958986,0.24635773592699686,0.2559476121006653,0.3328341656639054,0.3004849742595765,0.30503252980589074,0.1174312387491852,0.16979671565391616,0.21286632102383565,0.1491331502803617,0.2646399170294448,0.25208663398144243,0.23685048063486033,0.3113744598261944,0.16415796944392755,0.41129450934728207,0.34906127654386376,0.21702188756599328,0.266476775212351,0.22571923528065382,0.14080164247857352,0.26202840650517134,0.2388020413879274,0.20043419463257003,0.3256873589151371,0.11967879714565566,0.16396740731179577,0.28499107478262975,0.08076803842638967,0.2577801936577942,0.2660457882716475,0.1335234448494012,0.1480559518107431,0.2395386130306891,0.212008953078484,0.2261152243920037,0.2156570062773425,0.16395246679077155,0.21341887524492625,0.15610198631983244,0.36859724658206455,0.3338223854422783,0.3644822298035034,0.3289735380099463,0.22709772485007376,0.23869957624720503,0.15057534624493227,0.23264655787519103,0.375511281125196,0.34858011118673227,0.12872411681586873,0.32523112835259027,0.35423944635870774,0.2519522551972333,0.2977450936874552,0.14191386997050237,0.33809148471579764,0.3350461759021948,0.21675254224635615,0.2742969327692958,0.2076294651005885,0.38893334245871425,0.29112579699549884,0.3074608289644344,0.25036867672580526,0.2635289857279459,0.1611469998998112,0.20895834483293374,0.26278617261938403,0.2231751708683565,0.27947536511004667,0.3851571067118259,0.2776026519098051,0.30023670287428916,0.186416498318085,0.16157888202907292,0.1393774502405939,0.21367095637316638,0.3378738249557829,0.31168331435223756,0.1615066804162456,0.2877423610749996,0.06605766859249836,0.17288143374964823,0.34565790607648983,0.05869988609395789,0.2955555829212,0.2980346015381748,0.23091416553568817,0.2720556179539414,0.2452915982133777,0.15622621565334294,0.2822836485758315,0.20287399046592589,0.16169017561714236,0.2041176374927609
ACC,0.21096129313278014,0.18070139709924274,0.37006535878188784,0.2042766270304113,0.3866885550809011,0.09632149451112999,0.4627452271674368,0.19252784429347286,0.3443388160014853,0.35605772727319374,1.0,0.32465087317868574,0.4465773331309174,0.6031094357993632,0.47862706610781675,0.7109092426641542,0.4792802553074089,0.2962551086496747,0.1015839205980168,0.133462269537842,0.18295671434664032,0.17702856932831293,0.21588449989985073,0.28041557201667466,0.24738585336049077,0.8256634258869672,0.12853818918749135,0.39374476659618884,0.2945631552619132,0.17727999128320301,0.25033212281840583,0.19383901015967253,0.17667249715008462,0.3211154150587178,0.22433301976700246,0.2024152390629594,0.39899888126622624,0.2299262689313411,0.18552100419931059,0.3385849525133365,0.08372644819258128,0.46774217159837944,0.2600502054457123,0.1853472518222262,0.188239624556978,0.42610013000682523,0.3419169647294217,0.23064643714337535,0.3394472984439557,0.14203813023093642,0.3109923237084695,0.26177411072017054,0.35602307514021536,0.37655646222956424,0.5551163679254566,0.41359865081278263,0.23791479860953654,0.2646529517286604,0.14231216083879103,0.2821067877286587,0.48855795619751824,0.35190585882266917,0.2604834214509319,0.3459787630998043,0.47376522853272657,0.3722954345711786,0.2438566772518085,0.11280848521996414,0.41946658370152157,0.38747560915810103,0.15841827854106613,0.29429803741968896,0.2324118897240386,0.3634055125184649,0.3153078866687709,0.3346161704264648,0.23903113896963252,0.2962221043646928,0.17653144665494983,0.25110705941761907,0.2148443270819425,0.1909964986845385,0.2378237423838005,0.4517180876078749,0.29829346215075603,0.29155599167393403,0.1227386460774896,0.11175234097309246,0.20672363510048553,0.25397616824940145,0.33785042570345597,0.4852642943498472,0.2452810950832932,0.30626434312178813,0.12788127341165215,0.18533370912904523,0.416005309625219,0.07826480161611714,0.2897355582724674,0.3412528224591594,0.44840372821317426,0.27990965848529364,0.27075724546094815,0.16543595748354822,0.3016708323275904,0.19129783615991872,0.23094284403357437,0.1904586227012629
ACE,0.1577684030381618,0.22148506122723938,0.28470658930757975,0.12004387606337363,0.3033729194647763,0.12483720164833713,0.3474486540375661,0.1500916048540899,0.2681251343851092,0.2860366813581693,0.32465087317868574,1.0,0.31105012465379167,0.27324699090533305,0.264290857832052,0.315601811165524,0.2650897614673327,0.3101180482113937,0.15536330300840687,0.09188311474258876,0.1881324812262506,0.14313771624993246,0.18975478502736826,0.24700276819163258,0.18661127164892455,0.30038501909090054,0.12487137575017654,0.36933459575175437,0.31626600798160803,0.1982932802467614,0.26894197548697013,0.19325562098500274,0.14337168910433315,0.27674534217085867,0.18074582832946773,0.23278123414280136,0.2801660012871711,0.11053189334238614,0.12056719646027673,0.23430878875640015,0.12029579590058014,0.26928656641847387,0.16301267975196024,0.12687922923039513,0.14463363764090512,0.2857887887661618,0.20746836872770455,0.20130388005972868,0.21162724905161348,0.19208853623739003,0.15400125459040526,0.18855215087904545,0.3234686012628767,0.27840878739320757,0.31837807884122427,0.3394621376994816,0.1942967421776868,0.20129255733080756,0.16236240921521716,0.2825852816011618,0.36802959421232867,0.34521179067853663,0.10787180121815455,0.25941337769408324,0.38949467460521764,0.3545296095934301,0.26952243710677926,0.08714251692856284,0.3993609997300115,0.3726257060770518,0.21345653202837608,0.2786251449790604,0.20770722805363412,0.3218068005985805,0.2526853793326758,0.2409819123579714,0.19709876605706889,0.2784459568877666,0.2036958200217555,0.27161694042096607,0.25283880880007004,0.16139485975807583,0.22721062562724262,0.3139913552406678,0.3023553756149935,0.32846219598660165,0.1462754605337984,0.14647076897518088,0.1801857494437238,0.24404091558848037,0.2970589497732541,0.3466137693890031,0.1488604203403563,0.27866357564019734,0.11603676820939075,0.1943023679877601,0.3040368131209989,0.07318437216615274,0.307341940135977,0.2937637168779646,0.21113979795969645,0.3160378238545262,0.30627729707802415,0.12524609410788654,0.24306498614580455,0.24424488869229657,0.17062122245601913,0.18411366473957436
ADANIENSOL,0.13191302640632813,0.15025228841032492,0.27377421924718187,0.17906046219046137,0.2795323695560343,0.0678931419876463,0.26108547444313457,0.11381864157724406,0.2748495199591743,0.2731177028958986,0.4465773331309174,0.31105012465379167,1.0,0.45867427199959593,0.6517155681747522,0.5162155907487711,0.5864403104095272,0.23063597625988747,0.10744956475390134,0.10709950437715664,0.17416407478160997,0.1329994460134001,0.20672079052607797,0.17890052262869904,0.09921544583531951,0.4466632969845793,0.06080334518001738,0.2972285994716572,0.24442163256395338,0.1321419431150761,0.20818461197469681,0.14973281493367466,0.05350835715417196,0.2508378075722817,0.12656864093555042,0.12307349362361439,0.28477425599288375,0.17011236014339642,0.18225696132384597,0.21248391880973938,0.13354893412793606,0.5979431293966253,0.1710189792755548,0.09624560350196379,0.1930432504157807,0.434927448176446,0.21501080942555748,0.17129381675001012,0.2266606546824112,0.15592544227709673,0.18709037197604772,0.22633374409156334,0.2594463704465731,0.25612899753285656,0.31945870916261837,0.3164756789596928,0.20091985662460654,0.19621709778110097,0.10635785096703489,0.27336034460985403,0.3622985419461348,0.262935238010499,0.19020328009769805,0.2654201562061355,0.3209912391734969,0.2350590717788436,0.2081000385143701,0.11002321572857653,0.316634066384616,0.3304038259543766,0.1837039498369936,0.2282691170482549,0.12629192882538764,0.26505463195166856,0.2693027904176577,0.1943273733889517,0.2167659845544561,0.20636049429891268,0.15613557472907783,0.21125806053449342,0.17899615682090353,0.18496114500752595,0.24659932834729056,0.3613764481554734,0.18929419853173252,0.16838645494856197,0.05961267199151648,0.11678228760255911,0.14746344137948397,0.18560447626961704,0.27775019106004695,0.29731057445434167,0.1266006626831496,0.18663860872209834,0.04619875876863993,0.11932903119929301,0.2881632002074452,0.06666971365681616,0.23182031994939573,0.2429856446713965,0.23655442970969887,0.20559265253940306,0.2573431753338787,0.14287769420840188,0.224948460205067,0.17858231533560345,0.11646654166455034,0.12637583593719104
ADANIENT,0.12074634342569368,0.13498537844495215,0.27247059760888764,0.10011530799307582,0.3056043899306887,0.1485889378138065,0.33759683608565577,0.14488359548182503,0.2465673485281099,0.24635773592699686,0.6031094357993632,0.27324699090533305,0.45867427199959593,1.0,0.5526009512297385,0.7885842705152966,0.5538971350954683,0.23073364437274943,0.10469262435251006,0.12799185483050168,0.17715511851508942,0.09311136583717737,0.1542423409004477,0.19765354673011387,0.1203653103427978,0.6509661184632848,0.1495876650264657,0.30296827827410644,0.2220296660203238,0.10105753073301034,0.1648036281758109,0.11973284113724228,0.14347806335227734,0.22338493198809903,0.14825081284429661,0.1681173032336251,0.271097955008137,0.20750334679749174,0.16166003138169305,0.23360039369444838,0.1388433813378476,0.5283861827269511,0.17666719856161628,0.15475462081068722,0.1638748768520281,0.548750334187336,0.2241864584360162,0.1702042770212801,0.29518246464584136,0.12455230477264419,0.2579969226053715,0.26890846811230157,0.28285920495027567,0.3383300849583103,0.42980014352610485,0.37689166525863504,0.2132025751399324,0.18242807295128613,0.09130751236690841,0.20732702876401166,0.3440862878786674,0.27828778228326917,0.21276405009283064,0.27201972094511484,0.35678271578425785,0.27081094513298953,0.18514859424402144,0.0894899788842903,0.3567663477679659,0.29216883537300986,0.10990909401344168,0.23397001999124625,0.2349368720298224,0.2726465180143684,0.2257915080501476,0.2293635026451624,0.2112046578762771,0.19375904893960208,0.15728063273223455,0.21593210433272425,0.1784597714455689,0.17378122035292579,0.1771782953734303,0.29782983751788783,0.22584876958189873,0.29197661140579334,0.0986201810843516,0.09356848738064484,0.16907892671147629,0.13004705031934388,0.25168390472345126,0.36051686433945257,0.2055103081116681,0.19590082685844504,0.05701067820039728,0.12101461927364027,0.28911625665932944,0.0699754805794302,0.23023840367258344,0.24988325437598818,0.27236659368679217,0.21457135733444843,0.21473572780617517,0.15801846930250288,0.20325959003593894,0.14117985556601367,0.19292217028892938,0.1750345404683207
ADANIGREEN,0.1505072086491027,0.12431796970706281,0.23822830751549942,0.12790731567246844,0.22913866901747182,0.06387103523871328,0.2523710518344379,0.1487421605498186,0.23989092548514518,0.2559476121006653,0.47862706610781675,0.264290857832052,0.6517155681747522,0.5526009512297385,1.0,0.5364215176439677,0.6231226906841121,0.2111362316051456,0.060170898344989426,0.09194563025462264,0.14912331418672464,0.11687592892704558,0.20255838176513563,0.1516363401710501,0.11866382721975849,0.4997862712403769,0.12268076107627102,0.27828644319039203,0.22715699727432812,0.13017532708815283,0.17732799573354513,0.1462179390033206,0.05866788738391894,0.22739483040556002,0.1559904835458798,0.14627762137556552,0.2688354028967414,0.15586174488900614,0.14934275784581633,0.19283847220941752,0.12414670205736905,0.7527413226930183,0.1346339493515218,0.07959350982861836,0.1776587810462604,0.510425794453263,0.18295567229419477,0.17356679599753586,0.1607717608553906,0.14224017004484552,0.12439989592411575,0.24525475664426424,0.23630486318971522,0.23311887041032123,0.307019586030504,0.2975063352031685,0.2266122942212925,0.17892983268477003,0.10823465914234819,0.1950263702988172,0.35409925518516583,0.2434307004384534,0.14256556187345493,0.26200144080366683,0.3117994690231749,0.2151206856023227,0.21549426861582097,0.11956007899861623,0.2895430428040684,0.2716549535614822,0.12013166801663859,0.20940896770376052,0.12258805026029923,0.29123954665553875,0.2588955514132299,0.1899459220798862,0.17569889645698633,0.17777041062399473,0.14420684335690784,0.15483696271597927,0.1500787780122777,0.14559250707294424,0.1594004102316515,0.3386422806668852,0.21926302373483034,0.14793629990822965,0.10180660596980635,0.06450573162230509,0.13272712492418431,0.18430330503864034,0.22805264208010587,0.27743872803591113,0.16099892354334402,0.18240417841131903,0.04739199746529324,0.11135254323549608,0.25822769696566256,0.07199020866853073,0.18474014858007168,0.23447854103508287,0.22483559227501398,0.16316102970363142,0.1830314955508021,0.14693201330644237,0.23943710463945675,0.1253351988355937,0.11220390175559079,0.10144666704978247
ADANIPORTS,0.16270083159706486,0.17284877919689506,0.34251518268481124,0.154217728796325,0.42313096369811004,0.18152764826712925,0.432291426759157,0.18242972821009837,0.2881634415514911,0.3328341656639054,0.7109092426641542,0.315601811165524,0.5162155907487711,0.7885842705152966,0.5364215176439677,1.0,0.5455137409578935,0.2558680569763751,0.11152510240590907,0.13369913499004624,0.18336758026904423,0.16071642491998694,0.205937054957299,0.23198219444448748,0.20226704020545846,0.7599939576491284,0.15045152125324449,0.3809715008375986,0.3116368716170103,0.12375386356960819,0.2312687862011005,0.1443817446419536,0.17724143758071625,0.3001976041127428,0.16467649812035076,0.1896632001438799,0.37793974779369854,0.22528554678428012,0.16811475270470685,0.28850216227534276,0.14350488585938792,0.5048887060589193,0.25316219273018187,0.1551558779439726,0.2065271381680252,0.47934033813832083,0.3214453183891715,0.17619483600267885,0.35801378451925797,0.10698283779915926,0.3037454792543828,0.3111465005558887,0.3265617491643566,0.3697740435158874,0.5422135667891942,0.4231190747793354,0.20522393715423895,0.23690471366977517,0.15255088139086634,0.25350461186431794,0.4817788865875979,0.3385145418353453,0.24192772906657903,0.33395416492512503,0.45057682605704197,0.33424062820211636,0.21870086835937375,0.07558350265551453,0.4277435625717531,0.3794648548947353,0.15141037361577916,0.2837451917675516,0.2693731843079535,0.33272248278898736,0.2721971360424053,0.30027276823715693,0.26285379331644826,0.2637109635012313,0.18734739976340337,0.2803621902228472,0.21706124201515437,0.16854586018147089,0.214864362890066,0.40205332036950625,0.2459742752261989,0.316618530731799,0.11645312448724064,0.08978388322900523,0.19986614360383942,0.22225804751043027,0.32386554886067276,0.45935109231715876,0.20537219923039945,0.21729676099716683,0.10905101920793783,0.15944193001614462,0.3812647621870944,0.06797295227492249,0.26804728208084694,0.3114494769295121,0.34048868557857004,0.26066466140032307,0.23356041723250334,0.1611255476624113,0.2747497176565413,0.1732933947181316,0.23813973180998999,0.19193074220084358
ADANIPOWER,0.15854749571095103,0.15687574278286728,0.22136511157687694,0.11633147335938476,0.24279489320488404,0.020606524488182787,0.29578424392137576,0.13145976980571494,0.225223215086067,0.3004849742595765,0.4792802553074089,0.2650897614673327,0.5864403104095272,0.5538971350954683,0.6231226906841121,0.5455137409578935,1.0,0.2435184026260175,0.09313537049857488,0.11330855188906351,0.1626659012294992,0.061902876566441,0.17123540263716383,0.15128112659717025,0.14434676855949974,0.45294406146025623,0.08622372172432469,0.3125543777765732,0.21582821732937052,0.10015312985608894,0.184939534001626,0.12837067684888898,0.08422539251495893,0.22489868368736876,0.13616884349574426,0.13492388763738175,0.28032428123377257,0.11066174939964513,0.1667689973437533,0.19451649338303278,0.11094528843675726,0.6680187108198212,0.12398628553737674,0.090329239420912,0.09913220134096615,0.5417798137285647,0.23166965985247362,0.2127292748318335,0.20648695545425233,0.15533140176074645,0.1917266327540521,0.2380670793732145,0.28165399955780884,0.2851174802256691,0.3438837813977114,0.3253003029813431,0.23030846693199275,0.1645088158888152,0.08987136404195693,0.2612812366410053,0.37075061726247754,0.2531187463273398,0.13938103104595168,0.2684772795537236,0.34858473356511716,0.23204105065859768,0.19227334687058406,0.09661727829202853,0.3281244541884478,0.3326326879259197,0.12078681071112968,0.19608000701466918,0.18198634243582473,0.25514133972341907,0.18621208625293786,0.1990236041592557,0.15859472365952748,0.20154960055562993,0.1423014900009602,0.2215978844416537,0.15872220848794394,0.1597001663584446,0.18694618200433852,0.3155344091461005,0.22341858713938642,0.2307707293550419,0.06698521952754195,0.09253635678104606,0.09933856691456205,0.10945646371716145,0.27181876952028694,0.31351187230013156,0.1325508059356469,0.20783495045802503,0.03550667526703152,0.10968731661202881,0.28411455254283646,0.08609527804274805,0.18045533675444284,0.22893059938394356,0.23687172109239457,0.20235843659468059,0.2274438956487925,0.1094035616697121,0.20379877014282174,0.15268536541492347,0.11694724638243928,0.1593679368070743
AFFLE,0.239792150344079,0.12520202843308625,0.3382767101214381,0.18177565429980333,0.27159708576977554,0.17979681194277847,0.33470069187003704,0.1551930518521505,0.3021098982566859,0.30503252980589074,0.2962551086496747,0.3101180482113937,0.23063597625988747,0.23073364437274943,0.2111362316051456,0.2558680569763751,0.2435184026260175,1.0,0.21996000702292118,0.1320175325614112,0.19713708689563572,0.15805339615511552,0.25206528320352306,0.2879218623475933,0.2711353170555714,0.25575042730362485,0.13848646132496073,0.33366673723350837,0.29361947072182304,0.22573842537137656,0.2686196273372134,0.1695411440743428,0.11286153723195375,0.23161401138741164,0.21226716359963943,0.19682203877614854,0.30567947085187935,0.13869700175843266,0.19213728026711008,0.23641633072053717,0.17494489315940748,0.1926870427392628,0.3322775727118643,0.11874073103891451,0.17496728395118977,0.23116677600315902,0.17951121972699707,0.1909770716329445,0.2069116719076973,0.17270542070112185,0.1845951321381861,0.2676956627120923,0.27476071265600344,0.30171157527807524,0.3102950883323246,0.2914168176545993,0.19763163073905465,0.22361650507385716,0.18436877111753386,0.3204815169413856,0.3842240491275741,0.29787323482296324,0.1686951138297759,0.3039880887662747,0.4016040706403933,0.30406264343216644,0.2223880115470711,0.11141411182731314,0.3095713046660595,0.31909307721885727,0.26912124343469424,0.3302136821646366,0.2019437401482775,0.3695410257350098,0.31350055296272794,0.2505418942290101,0.24950358940103096,0.2504056638300251,0.14613280662735406,0.25744014861256287,0.19893883103705765,0.23963092216740126,0.33049771212629725,0.33852115104450425,0.2667502927978288,0.26269968318056724,0.1801632134885853,0.13824699122407905,0.23263397139924583,0.28569546937773854,0.24480809771610756,0.3419427607845602,0.20298452786521895,0.2693076601975374,0.09622318065257886,0.19371821988241886,0.2434031492860048,0.08232556231721898,0.3264589873063412,0.3369564070804637,0.3017466232477177,0.28979050765418757,0.2766138100486839,0.21027589424879814,0.2981970925866723,0.20744499962268853,0.2353099040248084,0.1950829069211846
